345 1061 490
345 1069 475
362 1080 480
360 1042 495
384 1093 517
384 1083 471
335 1080 481
421 1088 475
404 1045 490
419 1068 467
438 1038 486
438 1048 460
431 1053 506
426 1071 478
462 1071 481
462 1062 493
476 1056 502
496 1065 497
505 1047 512
505 1108 506
740 1110 503
513 1076 505
528 1104 510
528 1103 496
529 1087 505
540 1118 513
539 1122 513
539 1118 526
579 1146 512
558 1145 519
544 1166 520
544 1151 514
539 1162 506
567 1155 499
572 1166 508
572 1183 551
575 1158 510
573 1171 529
542 1183 495
542 1176 517
555 1193 511
565 1178 544
544 1219 508
544 1189 512
537 1208 513
565 1209 505
550 1222 485
550 1224 511
561 1220 493
572 1211 470
552 1218 487
552 1186 471
564 1194 478
543 1184 492
567 1203 462
567 1173 481
569 1137 456
585 1162 450
568 1173 443
558 1153 487
558 1137 479
557 1113 457
592 1106 462
592 1103 473
592 1101 470
615 1067 466
620 1109 479
652 1059 477
652 1056 485
641 1027 476
658 1054 506
659 1052 492
659 1011 499
653 1015 475
659 1024 485
668 1043 484
668 1005 495
693 1015 523
724 1012 514
711 1017 510
711 1045 507
714 1017 514
698 1029 526
710 1053 502
710 1044 486
704 1069 502
707 1041 513
693 1060 518
693 1050 505
681 1055 500
699 1067 521
675 1074 521
675 1072 494
636 1068 526
661 1063 492
642 1065 482
642 1062 486
603 1086 479
630 1070 509
617 1081 489
617 1080 513
602 1056 498
611 1083 454
573 1070 504
573 1071 487
547 1065 509
523 1091 508
514 1095 498
514 1049 511
524 1089 518
262 1087 483
486 1097 522
460 1102 541
460 1084 514
452 1112 519
438 1093 521
441 1097 511
441 1106 483
431 1070 531
411 1089 515
392 1095 539
392 1121 526
403 1139 529
401 1109 517
344 1124 510
344 1118 526
362 1137 522
363 1111 524
323 1130 529
323 1121 537
315 1108 527
312 1132 538
329 1157 537
329 1137 508
281 1154 525
294 1151 550
295 1141 531
295 1173 536
287 1163 563
13 1198 585
260 1166 569
260 1150 550
260 1175 567
256 1168 558
264 1164 563
8 1181 580
231 1184 563
236 1184 569
251 1188 579
251 1193 541
242 1199 576
214 1185 556
237 1172 561
237 1184 578
221 1164 583
215 1181 599
211 1190 550
211 1152 572
231 1172 571
221 1167 585
233 1144 565
233 1143 551
242 1124 597
507 1138 583
2 1129 560
247 1138 596
503 1139 550
4 1143 587
250 1104 580
269 1124 616
13 1108 594
510 1074 595
22 1088 586
269 1061 598
269 1066 584
297 1080 591
284 1040 584
255 1045 620
255 1066 591
248 1052 611
500 1080 605
253 1096 628
509 1071 628
16 1105 621
244 1074 612
240 1074 601
240 1067 588
253 1089 622
240 1084 621
220 1082 610
220 1092 606
206 1108 599
215 1131 598
214 1112 608
214 1129 606
220 1160 588
190 1142 585
162 1161 553
162 1172 551
193 1183 571
194 1173 580
206 1197 530
206 1193 531
165 1199 529
211 1239 546
186 1243 551
186 1184 489
133 1261 575
229 1224 568
239 1298 530
239 1066 591
248 1343 548
223 1346 559
202 1375 553
177 1345 579
177 1298 534
205 1310 520
224 1299 514
208 1317 541
208 1293 520
241 1325 550
184 1288 530
210 1319 532
210 1325 548
202 1348 524
204 1340 544
186 1333 521
186 1308 545
159 1326 504
191 1302 500
165 1327 510
165 1301 472
155 1294 487
135 1307 486
176 1308 467
176 1282 461
145 1295 481
145 1283 480
129 1288 458
129 1280 462
169 1276 440
167 1276 457
134 1303 449
134 1341 505
144 1306 463
98 1355 502
88 1339 571
88 1239 504
119 1370 532
73 1266 457
153 1325 454
153 1307 454
183 1360 462
209 1438 519
151 1423 501
151 1438 516
87 1404 530
85 1364 533
129 1306 531
129 1351 493
147 1361 509
163 1413 467
122 1417 445
122 1399 437
104 1391 444
109 1368 420
126 1364 414
188 1367 431
188 1424 407
180 1459 410
121 1438 415
134 1416 458
134 1447 441
151 1413 453
150 1446 413
191 1460 434
191 1504 462
149 1533 437
128 1497 415
151 1435 390
151 1513 422
138 1458 412
148 1536 434
177 1534 472
177 1581 480
213 1584 450
205 1575 418
159 1583 428
159 1588 399
346 1848 350
12 1360 391
257 1374 505
1 1494 481
187 1549 437
180 1651 470
117 1617 436
117 1554 438
53 1607 455
92 1760 505
117 1760 534
117 1798 546
129 1611 564
98 1572 584
56 1507 510
56 1524 542
67 1587 517
84 1661 526
81 1649 532
81 1700 512
-220 1604 522
-2 1574 555
-33 1538 533
223 1583 521
27 1565 533
21 1590 516
29 1536 523
29 1545 511
-249 1545 503
-3 1524 472
-27 1491 507
-22 1563 492
-22 1490 467
196 1534 473
-241 1413 457
12 1424 482
-244 1369 456
-23 1428 495
-30 1392 454
-45 1444 470
-45 1406 472
229 1365 503
-253 1315 487
-20 1289 496
-20 1357 507
-28 1367 496
-20 1349 468
-9 1321 510
247 1288 504
29 1285 478
-217 1271 471
81 1270 452
81 1336 485
44 1322 483
79 1272 501
87 1253 499
87 1284 471
-193 1296 462
-21 1332 413
97 1049 478
353 902 585
290 1188 581
354 1347 530
141 1483 468
141 1467 489
97 1338 452
35 1304 474
196 1271 467
196 1253 463
185 1271 459
178 1246 459
111 1233 480
111 1185 468
100 1231 464
117 1322 442
96 1385 420
96 1385 420
96 1355 436
56 1319 440
-252 1300 441
3 1302 428
3 1275 441
39 1308 457
65 1317 445
45 1298 492
45 1291 487
51 1304 474
17 1305 489
111 1300 525
111 1317 538
153 1328 523
131 1314 526
128 1316 516
128 1310 530
140 1335 547
150 1344 526
136 1364 569
136 1347 548
162 1363 527
207 1348 519
232 1346 533
488 1333 564
286 1342 555
330 1405 565
249 1433 573
249 1395 581
250 1368 547
237 1337 527
215 1293 531
215 1335 511
187 1392 499
110 1387 475
113 1375 497
113 1350 528
124 1351 509
111 1283 508
152 1287 487
152 1271 464
165 1308 454
141 1301 472
109 1316 470
109 1291 447
123 1267 430
161 1278 456
154 1285 453
154 1295 465
161 1296 443
150 1276 477
141 1284 447
141 1258 450
132 1270 455
192 1294 478
167 1260 457
209 1286 426
209 1290 427
187 1279 441
225 1280 456
210 1277 443
210 1280 429
214 1286 406
213 1257 435
247 1282 456
503 1250 422
260 1249 445
267 1234 388
289 1259 412
289 1273 433
279 1276 400
313 1293 392
317 1283 429
317 1281 381
320 1314 398
321 1317 389
294 1369 395
294 1379 402
320 1335 417
312 1337 391
336 1344 367
336 1347 356
345 1368 364
310 1354 358
320 1359 357
320 1378 363
321 1362 362
331 1365 339
323 1369 366
323 1383 333
337 1384 342
360 1375 336
404 1360 346
404 1372 342
401 1365 368
394 1350 333
365 1353 347
365 1348 369
352 1319 350
381 1303 360
367 1300 351
367 1350 376
358 1330 387
354 1305 365
352 1305 361
352 1281 381
320 1289 332
350 1289 332
350 1306 349
333 1245 334
419 1331 342
406 1239 298
406 1289 282
394 1256 304
382 1305 331
468 1218 348
468 1252 359
410 1261 345
385 1235 314
393 1269 334
393 1252 312
368 1287 362
361 1261 328
380 1230 346
380 1225 333
383 1242 317
403 1232 356
336 1275 350
336 1252 367
319 1254 365
289 1227 352
357 1216 315
357 1206 333
395 1230 375
377 1200 369
342 1235 347
342 1224 332
336 1197 355
322 1187 330
393 1192 377
393 1182 347
390 1146 333
419 1160 336
414 1166 347
414 1192 344
394 1232 353
395 1205 356
415 1222 334
415 1148 324
413 1193 342
437 1149 318
411 1209 321
411 1207 298
386 1232 320
363 1182 292
409 1183 332
409 1142 300
414 1193 339
405 1164 327
378 1194 338
365 1204 337
365 1210 335
407 1210 349
393 1185 356
373 1193 352
373 1163 331
382 1193 357
389 1158 336
384 1223 343
384 1192 336
398 1217 373
381 1189 342
387 1201 359
387 1164 369
431 1153 369
408 1156 367
379 1137 354
379 1150 348
361 1096 328
417 1125 348
417 1077 317
417 1117 338
453 1109 356
434 1124 330
446 1136 332
446 1132 342
445 1107 338
451 1114 340
519 1129 337
263 1129 329
758 1116 320
534 1143 310
551 1113 308
551 1136 320
548 1147 346
580 1122 350
628 1138 350
628 1133 362
625 1168 353
626 1173 386
658 1195 375
658 1176 368
666 1217 362
693 1213 387
747 1230 416
747 1212 452
703 1200 415
708 1224 415
688 1239 425
688 1228 373
687 1217 379
695 1176 371
705 1178 388
723 1155 398
723 1123 402
761 1156 412
760 1160 399
754 1141 409
754 1132 378
1013 1177 397
795 1163 404
809 1173 404
809 1121 433
817 1127 418
819 1092 436
856 1101 440
856 1107 430
896 1066 443
901 1038 433
900 1057 458
900 994 488
875 1025 506
884 1006 485
885 996 493
885 974 477
888 981 503
890 975 440
901 978 434
901 985 461
893 996 439
845 994 435
827 1003 425
827 1048 414
825 1025 429
811 1061 468
824 1042 487
824 1069 508
841 1029 547
849 966 541
815 925 538
815 928 558
821 902 563
815 896 582
838 906 568
838 876 560
811 871 570
838 858 559
814 801 569
814 799 573
516 801 598
738 773 571
785 778 604
529 761 619
747 782 591
716 783 558
681 796 577
645 808 576
645 804 543
640 787 563
635 807 568
604 775 562
604 788 557
612 781 526
617 800 533
574 838 534
574 819 548
565 853 557
570 835 568
555 837 561
555 845 587
558 858 577
259 838 570
503 849 585
503 837 594
489 815 567
491 820 580
511 773 599
511 785 591
505 775 578
475 766 617
484 786 618
484 805 589
491 796 598
495 804 604
490 822 607
490 799 592
493 821 592
492 830 569
490 834 543
490 844 531
468 834 568
489 882 573
495 846 552
495 890 527
472 863 551
500 860 540
479 855 527
479 844 543
502 852 543
482 839 534
525 807 545
525 792 513
518 809 545
544 792 556
529 776 558
514 775 526
514 758 518
543 756 542
550 721 527
513 742 525
257 761 491
484 793 525
739 812 535
534 692 492
278 522 242
406 974 615
447 1091 587
466 850 477
466 639 438
459 439 375
430 436 403
429 647 411
429 845 422
434 904 458
422 839 443
364 732 395
364 685 389
332 689 380
310 755 371
307 820 364
307 794 378
320 745 331
287 645 332
284 627 284
28 750 371
224 928 344
185 808 370
183 767 343
183 798 368
147 813 330
148 820 331
142 814 285
142 803 279
147 820 267
161 819 283
157 820 271
157 856 268
156 867 267
164 823 275
175 824 295
175 801 269
195 814 281
217 819 290
189 838 284
189 830 257
201 834 230
216 862 254
242 885 214
263 891 251
7 932 226
247 906 190
509 904 151
290 915 185
290 951 206
332 987 219
314 1012 145
323 1049 150
323 1038 137
321 1075 77
260 1070 56
356 1081 118
356 1090 112
424 1094 87
392 1117 96
335 1178 93
335 1180 54
299 1192 35
339 1220 31
363 1215 -33
363 1123 -16
421 1162 -14
394 1148 -1
342 1154 -2
342 1123 -35
35 1095 -44
508 1092 -76
271 1029 -87
15 1017 -87
245 1032 -94
198 1071 -111
143 1074 -113
143 1096 -115
93 1056 -117
100 1027 -119
67 1072 -116
67 1054 -96
-194 1080 -108
254 1077 -116
-24 1131 -161
-24 1108 -147
-24 1135 -149
-40 1138 -132
-78 1174 -134
-78 1211 -168
-113 1213 -182
-182 1225 -149
-231 1264 -129
-487 1269 -149
-332 1274 -112
-337 1240 -138
-395 1254 -149
-532 1224 -158
-532 1242 -164
-562 1240 -129
-617 1261 -162
-763 1269 -178
-1019 1290 -171
-814 1289 -188
-865 1312 -162
-947 1355 -200
-947 1370 -214
-1249 1368 -225
-1054 1429 -240
-1120 1464 -254
-1120 1470 -218
-1121 1531 -263
-1154 1560 -214
-1177 1591 -244
-1177 1617 -250
-1197 1696 -238
-1222 1739 -214
-1246 1793 -235
-1246 1809 -191
-1236 1891 -227
-1200 1898 -224
-1145 1980 -169
-1145 1960 -146
-1051 1938 -123
-786 1898 -90
-1001 1891 -56
-1001 1861 -140
-986 1998 -9
-989 1939 93
-792 1867 159
-536 1744 131
-360 1692 217
-756 1689 328
-722 1708 359
-978 1745 395
-829 1780 452
-514 1812 529
-708 1771 599
-708 1785 659
-702 1669 712
-705 1660 775
-842 1648 847
-842 1731 887
-870 1839 968
-914 1878 1004
-981 1806 1045
-952 1677 1117
-952 1568 1171
-980 1586 1239
-1015 1651 1262
-1054 1679 1340
-1054 1689 1339
-1079 1657 1411
-1101 1613 1426
-1082 1557 1462
-1082 1618 1508
-803 1596 1534
-889 1590 1615
-680 1541 1667
-680 1562 1721
-632 1571 1770
-645 1634 1805
-564 1669 1881
-308 1650 1910
-491 1580 1979
-141 1529 2022
-186 1507 2049
-186 1450 2074
-157 1432 2069
-145 1388 2118
-76 1339 2161
180 1263 2203
25 1248 2263
113 1195 2333
286 1115 2407
286 1095 2443
368 1072 2460
383 1029 2525
527 983 2594
527 959 2582
578 916 2639
639 847 2678
757 786 2712
1013 759 2737
798 708 2777
798 667 2815
750 605 2827
750 543 2841
709 477 2871
667 412 2901
581 354 2927
581 330 2983
277 272 3003
449 248 2998
244 195 3023
244 155 3029
-113 174 3013
-8 142 3016
-409 167 3023
-482 175 3003
-738 204 3055
-871 370 3039
-772 377 3046
-1048 200 3234
-792 160 3261
-1244 277 3239
-1449 479 3190
-1563 601 3219
-1563 483 3394
-1300 508 3497
-1790 554 3529
-1700 658 3600
-1700 765 3688
-1679 800 3765
-1709 900 3851
-1793 948 3917
-1537 963 4026
-1718 1006 4110
-1761 1142 4161
-1768 1183 4253
-1768 1256 4310
-1755 1327 4356
-1745 1398 4421
-1645 1409 4420
-1645 1445 4477
-1642 1497 4493
-1648 1546 4509
-1599 1643 4536
-1343 1644 4568
-1504 1701 4585
-1418 1645 4574
-1171 1690 4563
-1171 1625 4532
-802 1631 4487
-680 1531 4448
-563 1533 4398
-307 1419 4354
-620 1128 2259
12092 4033 5424
-15464 -7199 8172
-18024 3019 2518
-5361 6617 1847
6671 8343 3885
11509 2647 7661
14069 -4644 4112
6549 -4994 4524
-587 -494 1329
-5210 2270 3358
-1626 963 4026
-6838 5996 315
-2710 4136 1571
1605 2107 4009
4682 130 6074
6882 -1106 2733
5346 838 1707
1818 2369 832
-898 3203 -76
-2737 3911 999
-1969 2834 854
-355 1643 1898
1771 1357 1798
2206 1408 951
1694 2187 401
11 2927 486
-1731 3535 -131
-2403 3359 -205
-1891 2975 -54
-1208 2584 105
-934 2313 22
-978 2316 -137
-1234 2459 -279
-1477 2525 -388
-1785 2695 -478
-2184 2750 -523
-2184 2647 -547
-1926 2433 -545
-1967 2333 -503
-1798 2215 -457
-1798 2178 -471
-2264 2135 -498
-2537 2180 -535
-2422 2175 -539
-2422 2119 -534
-2094 2010 -506
-2183 1902 -467
-2079 1865 -428
-2079 1851 -409
-2156 1834 -377
-2192 1821 -415
-2162 1750 -403
-1906 1654 -367
-2034 1559 -358
-1631 1420 -384
-1634 1344 -365
-1634 1356 -423
-1662 1366 -414
-1640 1329 -409
-1629 1307 -414
-1629 1220 -360
-1333 1143 -338
-1435 1086 -343
-1369 1039 -352
-1369 1073 -345
-1310 1079 -345
-1347 1050 -364
-1384 986 -369
-1298 937 -352
-1042 883 -364
-1247 865 -348
-1185 884 -334
-1132 856 -328
-1132 967 -283
-1020 771 -325
-1274 815 -270
-1071 845 -302
-1071 723 -359
-1098 678 -355
-1086 721 -364
-1048 766 -354
-792 797 -357
-1278 788 -378
-773 836 -371
-1000 773 -352
-1000 724 -327
-1244 729 -243
-857 708 -253
-927 667 -207
-927 637 -234
-932 575 -233
-863 547 -231
-807 567 -225
-807 581 -167
-784 610 -161
-531 608 -135
-768 579 -98
-1024 526 -59
-551 459 -40
-756 440 -30
-672 418 4
-672 429 46
-659 393 53
-625 364 74
-645 324 138
-645 279 131
-627 261 153
-606 221 179
-551 203 212
-551 188 209
-562 171 234
-526 123 244
-493 143 271
-493 117 303
-479 133 313
-492 135 336
-480 126 327
-422 156 367
-422 145 373
-394 145 389
-364 145 423
-327 135 442
-327 141 448
-337 136 421
-310 157 448
-285 146 473
-285 189 481
-6 177 468
-246 203 481
-224 188 481
-224 181 504
-205 164 466
-188 178 490
-130 197 488
-130 207 467
-121 255 498
-113 264 497
-93 273 481
-93 271 477
-67 311 474
-35 318 481
5 296 496
-251 344 498
-10 344 491
233 347 495
35 355 486
35 321 491
25 322 480
18 317 451
51 333 480
51 345 463
52 384 475
72 380 500
94 406 483
94 398 531
142 434 495
148 422 498
184 444 510
184 471 482
235 518 476
488 517 445
279 505 480
279 549 480
319 578 502
334 587 475
406 632 478
406 644 460
385 661 486
456 716 478
468 718 456
484 729 472
484 748 451
502 774 446
498 773 459
501 796 467
501 791 436
483 823 439
493 829 417
509 862 394
509 852 428
744 879 424
519 892 403
517 884 376
517 905 394
532 944 395
258 953 386
538 947 360
538 947 388
513 985 340
538 1006 342
515 993 406
515 1229 562
415 1118 465
709 1319 372
383 1527 381
639 1244 282
556 1063 283
688 952 330
694 992 307
694 1249 327
623 1455 324
597 1584 303
582 1492 307
582 1349 252
617 1301 242
644 1186 196
726 1275 192
726 1279 69
728 1411 54
724 1534 118
655 1546 186
655 1555 266
633 1460 267
645 1475 268
668 1510 258
668 1641 229
651 1748 189
606 1786 122
309 1772 97
467 1776 71
467 1752 10
473 1773 43
749 1828 -22
477 1900 20
477 1976 -15
412 1978 -26
421 1950 -53
408 1925 -38
408 1908 -44
421 1959 -43
438 2003 -32
396 2096 -51
396 2101 -52
337 2160 -49
289 2158 -48
301 2154 -46
301 2174 -74
325 2207 -81
355 2209 -98
325 2235 -77
325 2237 -72
298 2238 -118
309 2228 -120
322 2237 -108
322 2278 -138
319 2294 -172
326 2300 -186
273 2292 -190
273 2271 -203
22 2267 -246
511 2239 -226
292 2242 -233
292 2238 -262
293 2218 -276
42 2242 -297
240 2209 -275
240 2209 -265
219 2203 -260
172 2168 -265
101 2173 -227
101 2116 -206
61 2072 -267
-225 2011 -238
-7 1996 -274
-7 2014 -230
255 2042 -237
14 2037 -206
18 2067 -193
18 2043 -206
68 2040 -200
87 2035 -171
85 2056 -159
